2474
3
2474
2474
2474
2474
43
43
43
43
43
43
43
2474
2474
2474
2474
2474
2474
2474
2474
2474
2474
2474
2474
2474
2473
2474
2473
2472
2471
2472
2473
2474
2474
2473
2472
2473
2474
2474
2474
2474
2474
2474
2474
2474
2474
2474
2474
2474
2474
2474
2474
2474
2474
2474
2474
2474
2474
43
43
43
43
43
43
43
43
43
43
43
43
43
43
42
41
42
43
44
45
46
47
48
47
48
2474
2474
48
2474
2474
2474
2474
2474
2474
2474
2474
2474
2474
2474
2474
2474
2474
2474
2474
2474
2474
2474
2474
2474
2474
2474
2474
2474
2474
2474
2474
2474
43
43
44
43
42
1
2474
43
2474
2474
2474
43
2474
2474
2474
43
2474
43
2474
2474
2474
43
2474
43
1263
1329
2474
1263
43
2474
2410
1455
620
2474
43
44
43
42
41
2474
2474
2474
2473
2472
2474
1
2
1
2
3
4
4
2474
2474
43
2474
4
2474
43
2474
43
1
2474
2474
1
43
2474
2474
43
1
2474
1
2474
43
2474
43
2474
2474
43
42
2411
2412
2474
43
44
43
42
43
44
45
45
2474
44
45
2474
45
46
2474
46
47
48
2474
3
2
1
2
1
1454
2474
1454
2474
2474
2474
2474
2473
2472
2473
2474
2188
2474
2188
2189
2190
2474
2474
2473
1263
2474
2474
2474
1
2474
43
